172,4
172,3
172,2
172,1
172,0
171,6
171,5
171,4
171,3
171,2
171,1
171,0
170,7
170,6
170,5
170,4
170,3
170,2
170,1
170,0
0,198
169,5
169,4
169,3
169,2
169,1
169,0
168,5
168,4
168,3
168,2
168,1
168,0
167,11
167,10
167,9
167,8
167,7
167,6
167,5
167,4
167,3
167,2
167,1
167,0
166,11
166,10
166,9
166,8
166,7
166,6
166,5
166,4
166,3
166,2
166,1
166,0
165,11
165,10
165,9
165,8
165,7
165,6
165,5
165,4
165,3
165,2
165,1
165,0
164,11
164,10
164,9
164,8
164,7
164,6
164,5
164,4
164,3
164,2
164,1
164,0
163,11
163,10
163,9
163,8
163,7
163,6
163,5
163,4
163,3
163,2
163,1
163,0
162,11
162,10
162,9
162,8
162,7
162,6
162,5
162,4
162,3
162,2
162,1
162,0
159,6
98,7
5,21
5,20
161,5
161,4
161,3
161,2
161,1
161,0
160,11
160,10
160,9
160,8
160,7
160,6
160,5
160,4
160,3
160,2
160,1
160,0
159,5
159,4
159,3
159,2
159,1
159,0
158,5
158,4
158,3
158,2
158,1
158,0
157,10
157,9
157,8
157,7
157,6
157,5
157,4
157,3
157,2
157,1
157,0
156,9
156,8
156,7
156,6
156,5
156,4
156,3
156,2
156,1
156,0
155,9
155,8
155,7
155,6
155,5
155,4
155,3
155,2
155,1
155,0
154,9
154,8
154,7
154,6
154,5
154,4
154,3
154,2
154,1
154,0
153,9
153,8
153,7
153,6
153,5
153,4
153,3
153,2
153,1
153,0
152,4
152,3
152,2
152,1
152,0
142,9
151,4
151,3
151,2
151,1
151,0
150,8
150,7
150,6
150,5
150,4
150,3
150,2
150,1
150,0
149,7
149,6
149,5
149,4
149,3
149,2
149,1
149,0
148,7
148,6
148,5
148,4
148,3
148,2
148,1
148,0
147,7
147,6
147,5
147,4
147,3
147,2
147,1
147,0
146,7
146,6
146,5
146,4
146,3
146,2
146,1
146,0
0,195
145,9
145,8
145,7
145,6
145,5
145,4
145,3
145,2
145,1
145,0
125,9
144,6
144,5
144,4
144,3
144,2
144,1
144,0
140,6
143,6
143,5
143,4
143,3
143,2
143,1
143,0
0,194
5,17
10,6
10,5
142,8
142,7
142,6
142,5
142,4
142,3
142,2
142,1
142,0
141,8
141,7
141,6
141,5
141,4
141,3
141,2
141,1
141,0
44,8
44,7
140,5
140,4
140,3
140,2
140,1
140,0
139,9
139,8
139,7
139,6
139,5
139,4
139,3
139,2
139,1
139,0
138,8
138,7
138,6
138,5
138,4
138,3
138,2
138,1
138,0
137,8
137,7
137,6
137,5
137,4
137,3
137,2
137,1
137,0
136,8
136,7
136,6
136,5
136,4
136,3
136,2
136,1
136,0
135,8
135,7
135,6
135,5
135,4
135,3
135,2
135,1
135,0
134,6
134,5
134,4
134,3
134,2
134,1
134,0
133,8
133,7
133,6
133,5
69,8
69,7
131,6
131,5
133,4
133,3
133,2
133,1
133,0
132,6
132,5
132,4
132,3
132,2
132,1
132,0
0,246
131,4
131,3
131,2
131,1
131,0
130,4
130,3
130,2
130,1
130,0
0,63
129,5
129,4
129,3
129,2
129,1
129,0
128,4
128,3
128,2
128,1
128,0
127,4
126,4
127,3
127,2
127,1
127,0
126,3
126,2
126,1
126,0
125,8
125,7
125,6
125,5
125,4
125,3
125,2
125,1
125,0
62,8
124,4
124,3
124,2
124,1
124,0
123,5
123,4
123,3
123,2
123,1
123,0
42,5
5,15
122,5
122,4
122,3
122,2
122,1
122,0
121,4
121,3
121,2
121,1
121,0
120,11
120,10
120,9
120,8
120,7
120,6
120,5
120,4
120,3
120,2
120,1
120,0
119,10
119,9
119,8
119,7
119,6
119,5
119,4
119,3
119,2
119,1
119,0
118,9
118,8
118,7
118,6
118,5
118,4
118,3
118,2
118,1
118,0
117,9
117,8
117,7
117,6
117,5
117,4
117,3
117,2
117,1
117,0
116,9
116,8
116,7
116,6
116,5
116,4
116,3
116,2
116,1
116,0
115,5
115,4
115,3
115,2
115,1
115,0
114,4
114,3
114,2
114,1
114,0
113,7
113,6
113,5
113,4
113,3
113,2
113,1
113,0
112,7
112,6
112,5
112,4
112,3
112,2
112,1
112,0
111,5
111,4
111,3
111,2
111,1
111,0
110,4
110,3
110,2
110,1
110,0
109,8
109,7
109,6
109,5
109,4
109,3
109,2
109,1
109,0
108,8
108,7
108,6
108,5
108,4
108,3
108,2
108,1
108,0
107,8
107,7
107,6
107,5
107,4
107,3
107,2
107,1
107,0
106,5
106,4
106,3
106,2
106,1
106,0
105,4
105,3
105,2
105,1
105,0
104,7
104,6
104,5
104,4
104,3
104,2
104,1
104,0
103,7
103,6
103,5
103,4
103,3
103,2
103,1
103,0
102,7
102,6
102,5
102,4
102,3
102,2
102,1
102,0
101,4
101,3
101,2
101,1
101,0
100,5
100,4
100,3
100,2
100,1
100,0
99,4
99,3
99,2
99,1
99,0
98,6
98,5
98,4
98,3
98,2
98,1
98,0
97,5
97,4
97,3
97,2
97,1
97,0
96,5
96,4
96,3
96,2
96,1
96,0
95,4
95,3
95,2
95,1
95,0
94,6
94,5
94,4
94,3
94,2
94,1
94,0
80,5
79,6
79,5
36,5
93,3
93,2
93,1
93,0
92,9
92,8
92,7
92,6
92,5
92,4
92,3
92,2
92,1
92,0
91,4
91,3
91,2
91,1
91,0
90,3
90,2
90,1
90,0
5,12
89,7
89,6
89,5
89,4
89,3
89,2
89,1
89,0
88,3
88,2
88,1
88,0
5,11
87,8
87,7
87,6
87,5
87,4
87,3
87,2
87,1
87,0
86,3
86,2
86,1
86,0
85,7
85,6
85,5
85,4
85,3
85,2
85,1
85,0
84,7
84,6
84,5
84,4
84,3
84,2
84,1
84,0
83,3
83,2
83,1
83,0
82,3
82,2
82,1
82,0
81,3
81,2
81,1
81,0
80,4
80,3
80,2
80,1
80,0
79,4
79,3
79,2
79,1
79,0
78,5
78,4
78,3
78,2
78,1
78,0
77,4
77,3
77,2
77,1
77,0
76,4
76,3
76,2
76,1
76,0
75,5
75,4
75,3
75,2
75,1
75,0
74,4
74,3
74,2
74,1
74,0
73,6
73,5
73,4
73,3
73,2
73,1
73,0
0,55
72,6
72,5
72,4
72,3
72,2
72,1
72,0
71,5
71,4
71,3
71,2
71,1
71,0
70,4
70,3
70,2
70,1
70,0
69,6
69,5
69,4
69,3
69,2
69,1
69,0
68,4
68,3
68,2
68,1
68,0
67,6
67,5
67,4
67,3
67,2
67,1
67,0
5,10
66,5
66,4
66,3
66,2
66,1
66,0
65,4
65,3
65,2
65,1
65,0
64,5
64,4
64,3
64,2
64,1
64,0
63,4
63,3
63,2
63,1
63,0
62,7
62,6
62,5
62,4
62,3
62,2
62,1
62,0
61,6
61,5
61,4
61,3
61,2
61,1
61,0
60,4
60,3
60,2
60,1
60,0
59,5
59,4
59,3
59,2
59,1
59,0
58,4
58,3
58,2
58,1
58,0
5,7
57,9
57,8
57,7
57,6
57,5
57,4
57,3
57,2
57,1
57,0
56,8
56,7
56,6
56,5
56,4
56,3
56,2
56,1
56,0
55,8
55,7
55,6
55,5
55,4
55,3
55,2
55,1
55,0
54,5
54,4
54,3
54,2
54,1
54,0
53,4
53,3
53,2
53,1
53,0
52,6
52,5
52,4
52,3
52,2
52,1
52,0
51,4
51,3
51,2
51,1
51,0
50,8
50,7
50,6
50,5
50,4
50,3
50,2
50,1
50,0
49,7
49,6
49,5
49,4
49,3
49,2
49,1
49,0
48,4
48,3
48,2
48,1
48,0
47,5
47,4
47,3
47,2
47,1
47,0
46,4
46,3
46,2
46,1
46,0
45,3
45,2
45,1
45,0
44,6
44,5
44,4
44,3
44,2
44,1
44,0
43,4
43,3
43,2
43,1
43,0
5,6
42,4
42,3
42,2
42,1
42,0
41,3
41,2
41,1
41,0
40,4
40,3
40,2
40,1
40,0
39,3
39,2
39,1
39,0
38,4
38,3
38,2
38,1
38,0
37,4
37,3
37,2
37,1
37,0
36,4
36,3
36,2
36,1
36,0
35,4
35,3
35,2
35,1
35,0
34,3
34,2
34,1
34,0
33,6
33,5
33,4
33,3
33,2
33,1
33,0
32,3
32,2
32,1
32,0
31,6
31,5
31,4
31,3
31,2
31,1
31,0
30,3
30,2
30,1
30,0
29,3
29,2
29,1
29,0
28,3
28,2
28,1
28,0
5,5
27,6
27,5
27,4
27,3
27,2
27,1
27,0
26,3
26,2
26,1
26,0
25,3
25,2
25,1
25,0
24,8
24,7
24,6
24,5
24,4
24,3
24,2
24,1
24,0
23,3
23,2
23,1
23,0
22,6
22,5
22,4
22,3
22,2
22,1
22,0
21,4
21,3
21,2
21,1
21,0
20,4
20,3
20,2
20,1
20,0
19,4
19,3
19,2
19,1
19,0
18,6
18,5
18,4
18,3
18,2
18,1
18,0
17,4
17,3
17,2
17,1
17,0
16,4
16,3
16,2
16,1
16,0
15,4
15,3
15,2
15,1
15,0
14,6
14,5
14,4
14,3
14,2
14,1
14,0
13,4
13,3
13,2
13,1
13,0
12,3
12,2
12,1
12,0
11,4
11,3
11,2
11,1
11,0
10,4
10,3
10,2
10,1
10,0
9,6
9,5
9,4
9,3
9,2
9,1
9,0
8,3
8,2
8,1
8,0
7,3
7,2
7,1
7,0
6,6
6,5
6,4
6,3
6,2
6,1
6,0
5,3
5,2
5,1
5,0
4,3
4,2
4,1
4,0
3,2
2,2
1,2
0,9
0,2
1,45
3,44
2,44
1,44
3,43
2,43
1,43
3,42
2,42
1,42
3,41
2,41
1,41
3,40
2,40
1,40
3,39
2,39
1,39
3,38
2,38
1,38
3,37
2,37
1,37
3,36
2,36
1,36
3,35
2,35
1,35
3,34
2,34
1,34
3,33
2,33
1,33
3,32
2,32
1,32
3,31
2,31
1,31
3,30
2,30
1,30
3,29
2,29
1,29
3,28
2,28
1,28
3,27
2,27
1,27
3,26
2,26
1,26
3,25
2,25
1,25
3,24
2,24
1,24
3,23
2,23
1,23
3,22
2,22
1,22
3,21
2,21
1,21
3,20
2,20
1,20
3,19
2,19
1,19
3,18
2,18
1,18
3,17
2,17
1,17
3,16
2,16
1,16
3,15
2,15
1,15
3,14
2,14
1,14
3,13
2,13
1,13
3,12
2,12
1,12
3,11
2,11
1,11
3,10
2,10
1,10
3,9
2,9
1,9
3,8
2,8
1,8
3,7
2,7
1,7
3,6
2,6
1,6
3,5
2,5
1,5
3,4
2,4
1,4
3,3
3,0
2,3
2,0
1,3
1,0
0,6
0,0
0,47
0,46
0,49
0,48
0,45
0,12
0,10
0,8
0,11
0,5
0,7
0,4
0,3
